-0.00,-0.17,1.04,0.52,-0.08,-2.02
0.01,-0.15,1.02,-1.45,2.09,-0.55
0.01,-0.16,1.01,-4.41,4.20,-0.02
-0.01,-0.17,1.02,-7.22,3.71,0.99
-0.01,-0.21,1.05,-7.59,2.21,0.53
-0.02,-0.22,1.07,-6.08,-1.34,-0.35
-0.04,-0.21,1.06,-4.12,-5.01,-1.10
-0.03,-0.18,1.04,-3.45,-7.73,-0.66
-0.02,-0.18,1.03,-3.05,-6.50,0.00
-0.01,-0.17,1.03,-3.54,-3.59,1.22
-0.01,-0.17,1.03,-4.14,-0.31,1.71
-0.02,-0.18,1.06,-5.05,0.67,2.79
-0.02,-0.20,1.05,-5.21,1.01,2.23
-0.04,-0.20,1.08,-4.73,-4.61,1.31
-0.01,-0.19,1.07,-3.82,-11.39,1.07
-0.00,-0.18,1.05,-3.30,-16.53,1.10
0.03,-0.16,1.01,-3.59,-14.63,1.21
0.04,-0.16,1.01,-4.52,-9.22,2.55
0.05,-0.17,1.02,-5.30,-3.40,3.68
0.06,-0.18,1.03,-5.85,1.51,4.50
0.04,-0.20,1.03,-5.65,3.53,3.47
0.03,-0.22,1.05,-4.76,1.36,1.83
0.02,-0.22,1.07,-3.59,-3.68,0.17
0.03,-0.21,1.05,-2.11,-8.79,-1.31
0.06,-0.14,0.99,-5.62,-11.79,-0.67
0.07,-0.15,0.98,-7.73,-6.29,1.05
0.06,-0.18,0.99,-8.99,0.38,2.09
0.06,-0.21,1.02,-9.08,6.29,1.97
0.04,-0.23,1.06,-6.82,7.22,0.06
0.01,-0.23,1.07,-4.29,3.60,-1.66
0.01,-0.20,1.05,-2.76,0.50,-3.54
0.01,-0.16,1.03,-3.04,-3.24,-3.94
0.02,-0.15,1.02,-4.98,-5.10,-3.60
0.03,-0.16,1.00,-7.01,-4.81,-3.01
0.03,-0.17,1.01,-8.95,-1.59,-1.69
0.02,-0.19,1.03,-10.18,2.02,-0.78
0.00,-0.22,1.03,-9.91,4.58,-0.50
-0.01,-0.25,1.05,-8.81,3.13,-1.27
-0.01,-0.27,1.06,-6.29,-1.21,-2.76
0.01,-0.25,1.04,-3.68,-5.13,-3.51
0.03,-0.21,1.00,-2.29,-5.08,-3.39
0.04,-0.17,0.98,-3.91,-2.44,-3.05
0.02,-0.17,0.98,-7.08,-0.35,-2.18
0.02,-0.20,1.01,-9.89,1.15,-1.22
0.02,-0.23,1.02,-10.95,2.95,-1.40
0.00,-0.26,1.05,-10.12,2.75,-2.35
-0.01,-0.28,1.07,-8.52,0.12,-3.71
-0.01,-0.28,1.06,-6.34,-4.63,-4.84
0.02,-0.27,1.05,-4.12,-7.91,-5.15
0.03,-0.24,1.01,-3.40,-7.18,-6.53
0.03,-0.22,0.98,-4.66,-4.41,-5.33
0.03,-0.22,0.98,-7.05,-1.54,-3.60
0.02,-0.23,0.99,-9.53,2.46,-3.24
0.01,-0.26,1.02,-11.10,5.24,-3.56
-0.01,-0.29,1.05,-10.63,4.49,-3.62
0.01,-0.31,1.08,-7.98,3.05,-5.68
0.00,-0.31,1.08,-4.40,-0.40,-7.37
0.01,-0.27,1.05,-1.86,-2.26,-7.04
0.02,-0.24,1.01,-1.42,-0.75,-5.79
0.04,-0.23,0.98,-2.98,2.90,-5.18
0.03,-0.22,0.98,-5.54,6.31,-5.57
0.00,-0.23,0.98,-8.14,6.35,-4.67
-0.01,-0.26,0.99,-10.17,4.98,-4.32
-0.02,-0.28,1.04,-9.73,1.83,-5.11
-0.01,-0.28,1.06,-7.66,-3.30,-5.65
0.01,-0.27,1.06,-5.54,-5.82,-6.14
0.04,-0.25,1.04,-4.41,-5.28,-5.40
0.06,-0.24,1.03,-5.02,-1.80,-5.22
0.06,-0.24,1.05,-5.83,-0.72,-6.23
0.03,-0.26,1.04,-7.10,-2.84,-5.30
0.01,-0.28,1.05,-6.95,-2.73,-6.20
-0.02,-0.27,1.07,-4.82,-5.56,-7.44
-0.06,-0.25,1.08,-2.85,-11.19,-7.33
-0.05,-0.23,1.06,-0.81,-13.25,-6.34
-0.05,-0.19,1.03,-1.45,-13.19,-4.81
-0.04,-0.18,1.01,-3.76,-11.68,-1.47
-0.02,-0.19,0.99,-6.90,-8.98,1.80
-0.00,-0.23,1.00,-10.18,-5.79,3.69
-0.02,-0.27,1.03,-12.15,-5.65,3.30
-0.02,-0.29,1.06,-11.30,-7.31,1.94
-0.03,-0.28,1.08,-8.75,-12.23,-0.02
-0.03,-0.26,1.06,-6.09,-17.24,-1.15
-0.03,-0.22,1.03,-4.96,-19.86,0.02
-0.01,-0.17,1.00,-6.35,-20.20,3.76
0.03,-0.16,0.97,-10.02,-17.28,7.19
0.05,-0.19,0.97,-14.17,-10.73,8.61
0.06,-0.22,0.98,-18.00,-6.76,10.47
0.11,-0.32,1.00,-18.93,-7.11,11.98
0.14,-0.34,1.02,-15.98,5.57,6.67
0.07,-0.32,1.13,-12.09,9.57,-1.18
0.09,-0.37,1.13,-4.72,-6.79,-2.17
0.13,-0.28,1.09,-2.23,-12.20,-4.87
0.04,-0.24,1.08,-1.74,-16.82,-5.65
0.06,-0.21,1.00,-1.42,-14.96,-2.18
0.04,-0.20,0.97,-4.02,-8.55,0.46
0.04,-0.22,0.96,-5.80,-6.05,3.80
0.04,-0.25,0.97,-6.38,-0.31,4.49
0.05,-0.24,1.02,-4.46,2.44,3.44
0.05,-0.23,1.04,-2.92,-0.50,1.95
0.07,-0.21,1.03,-2.40,-2.81,0.05
0.09,-0.20,1.01,-3.62,-5.22,1.59
0.09,-0.20,0.98,-6.43,-5.69,4.79
0.12,-0.22,0.99,-8.82,1.44,5.40
0.12,-0.27,1.00,-10.58,9.27,3.69
0.08,-0.30,1.05,-10.85,10.66,3.13
0.04,-0.31,1.09,-10.02,11.16,1.16
0.01,-0.30,1.11,-9.76,1.57,-0.18
0.10,-0.44,1.12,-5.33,-26.08,5.74
0.11,-0.28,1.11,-4.55,-29.27,0.17
0.09,-0.24,1.01,-4.18,-2.15,-5.68
0.13,-0.26,1.00,-1.13,13.34,-4.66
0.08,-0.24,0.98,-0.02,25.65,-2.85
0.03,-0.24,1.02,-4.84,20.63,1.76
0.03,-0.29,1.01,-7.60,10.14,2.73
0.00,-0.28,1.01,-8.72,6.35,0.92
0.01,-0.27,1.01,-9.07,2.44,-2.03
0.02,-0.25,1.03,-10.08,-6.64,-2.38
0.07,-0.26,1.02,-10.96,-13.51,-2.55
0.10,-0.25,0.98,-12.31,-12.41,-3.82
0.12,-0.25,0.97,-13.98,-10.61,-3.63
0.12,-0.28,0.98,-15.37,-6.49,-2.76
0.11,-0.31,0.98,-16.05,-0.37,-4.24
0.11,-0.34,0.99,-16.05,2.73,-5.24
0.09,-0.35,1.02,-15.31,4.09,-6.69
0.11,-0.38,1.04,-12.87,6.93,-9.69
0.09,-0.37,1.07,-10.15,4.24,-12.40
0.07,-0.36,1.07,-7.89,-2.03,-13.60
0.05,-0.35,1.04,-6.98,-6.03,-15.10
0.03,-0.34,1.01,-7.83,-10.89,-15.30
0.03,-0.35,0.99,-8.90,-16.09,-15.27
0.02,-0.37,0.97,-10.43,-18.02,-16.00
0.05,-0.39,0.94,-9.65,-16.85,-16.29
0.08,-0.38,0.92,-8.61,-13.71,-17.04
0.13,-0.35,0.91,-7.04,-6.09,-20.55
0.12,-0.35,0.94,-6.53,-3.07,-22.92
0.19,-0.39,0.93,-4.37,-1.59,-24.52
0.21,-0.44,0.98,1.51,6.40,-31.50
0.15,-0.44,0.93,8.58,4.08,-34.82
0.13,-0.50,1.04,17.18,4.99,-37.24
0.04,-0.47,1.03,24.14,6.75,-37.86
0.10,-0.44,0.90,27.66,14.31,-37.01
0.03,-0.36,0.89,24.21,19.10,-34.05
0.04,-0.36,0.88,20.00,20.47,-32.96
0.04,-0.37,0.89,14.43,18.81,-33.65
0.01,-0.39,0.93,11.33,11.54,-34.23
0.08,-0.45,0.95,11.24,11.82,-37.22
0.07,-0.48,0.94,13.54,15.30,-41.19
0.01,-0.48,0.94,15.82,16.53,-42.72
-0.02,-0.47,0.93,18.60,19.98,-42.34
-0.05,-0.44,0.93,20.24,17.47,-38.72
-0.07,-0.40,0.89,18.99,5.92,-32.98
-0.06,-0.38,0.83,15.59,-0.92,-30.56
-0.07,-0.33,0.81,9.79,-0.87,-29.18
-0.08,-0.30,0.78,2.44,0.00,-25.24
-0.03,-0.34,0.81,-2.85,6.14,-22.60
-0.04,-0.38,0.87,-4.02,10.75,-22.66
-0.09,-0.40,0.90,-4.38,10.17,-19.94
-0.09,-0.41,0.91,-2.26,15.68,-18.41
-0.13,-0.39,0.92,0.69,16.70,-15.86
-0.09,-0.37,0.92,2.92,15.63,-17.69
-0.09,-0.32,0.91,1.05,6.90,-18.14
-0.07,-0.26,0.84,-4.23,-2.81,-12.82
-0.05,-0.23,0.79,-12.12,-3.80,-4.73
-0.00,-0.24,0.80,-19.16,1.47,2.90
0.02,-0.30,0.87,-22.03,9.94,5.10
-0.01,-0.37,0.95,-20.34,12.23,4.90
-0.08,-0.39,1.04,-15.56,5.27,3.79
-0.06,-0.40,1.02,-9.44,-5.15,4.09
-0.01,-0.37,1.02,-3.16,-10.95,1.21
0.02,-0.27,0.94,-0.12,-19.07,0.79
0.07,-0.18,0.82,-4.52,-17.66,4.05
0.09,-0.13,0.79,-12.92,-10.12,10.24
0.07,-0.12,0.81,-20.17,3.42,17.94
0.06,-0.16,0.84,-26.38,15.27,26.44
0.08,-0.25,0.96,-27.04,13.86,27.65
0.14,-0.33,1.04,-24.37,7.68,18.72
0.12,-0.33,1.04,-20.23,-2.96,12.84
0.16,-0.29,1.00,-15.28,-3.28,11.25
0.19,-0.24,0.95,-15.21,0.46,7.53
0.25,-0.21,0.93,-19.05,2.70,1.11
0.21,-0.14,0.94,-27.31,3.27,-2.79
0.11,-0.15,0.95,-31.07,2.50,8.55
0.05,-0.17,1.04,-30.61,10.09,27.02
0.03,-0.23,1.12,-30.14,17.77,34.15
-0.01,-0.28,1.19,-28.99,19.71,32.29
-0.12,-0.32,1.27,-19.76,5.68,33.66
-0.12,-0.32,1.23,-13.45,-11.01,35.73
-0.06,-0.27,1.17,-7.51,-27.66,36.66
0.08,-0.22,1.00,-6.89,-40.85,33.08
0.20,-0.12,0.91,-12.24,-46.76,27.16
0.28,-0.03,0.82,-18.72,-46.53,29.69
0.36,-0.01,0.76,-29.62,-32.90,34.78
0.32,-0.08,0.86,-37.86,-13.42,41.54
0.32,-0.16,0.98,-38.52,8.93,51.85
0.33,-0.26,1.09,-38.03,37.66,51.63
0.26,-0.34,1.23,-33.28,53.83,43.34
0.12,-0.31,1.32,-22.53,49.85,35.24
-0.01,-0.20,1.28,-16.27,36.12,30.79
-0.05,-0.14,1.23,-14.70,12.66,28.78
-0.01,-0.09,1.16,-18.60,-11.18,22.66
