0.03,-0.19,1.05,-2.02,1.39,-3.76
0.02,-0.16,1.04,-2.81,2.23,-2.55
0.02,-0.15,1.04,-4.29,3.77,-1.19
0.00,-0.15,1.05,-6.40,4.73,0.84
-0.02,-0.19,1.06,-8.06,3.82,1.74
-0.02,-0.21,1.08,-8.52,0.40,1.95
-0.03,-0.24,1.09,-7.53,-4.21,1.28
-0.00,-0.26,1.09,-4.81,-7.92,0.18
0.02,-0.24,1.07,-1.97,-10.60,-1.05
0.04,-0.21,1.04,-0.49,-10.79,-1.74
0.04,-0.17,1.02,-0.96,-9.77,-1.77
0.05,-0.16,1.00,-2.93,-6.67,-1.13
0.05,-0.18,1.01,-4.63,-1.66,-0.90
0.03,-0.18,1.02,-5.40,0.38,-0.66
0.01,-0.20,1.04,-5.66,-0.03,-1.30
0.00,-0.20,1.05,-5.18,-3.56,-0.20
0.01,-0.21,1.04,-4.15,-5.86,-0.17
0.04,-0.19,1.03,-3.71,-7.05,-0.50
0.05,-0.17,1.03,-4.89,-8.96,0.47
0.06,-0.18,1.02,-7.07,-8.17,1.73
0.04,-0.19,1.03,-8.60,-6.93,3.62
0.02,-0.21,1.04,-8.84,-3.91,3.80
-0.01,-0.23,1.07,-8.17,-5.79,4.46
0.00,-0.23,1.07,-5.91,-3.50,1.82
0.06,-0.20,1.01,-6.03,-10.31,-0.69
0.05,-0.20,1.00,-6.29,-4.99,-1.15
0.04,-0.21,1.02,-6.70,-0.75,-0.93
0.03,-0.23,1.02,-7.53,1.30,-0.75
0.01,-0.25,1.04,-7.63,2.23,-1.42
0.01,-0.26,1.04,-7.57,1.07,-2.11
0.01,-0.26,1.03,-6.76,1.04,-3.95
0.01,-0.25,1.02,-6.53,1.60,-4.52
0.04,-0.24,0.99,-8.21,2.46,-5.54
0.05,-0.26,0.99,-10.44,5.07,-6.09
0.05,-0.29,1.01,-12.11,7.98,-6.53
0.03,-0.32,1.02,-12.76,11.60,-7.45
-0.01,-0.34,1.02,-12.58,14.55,-8.73
-0.04,-0.36,1.03,-11.98,16.05,-10.23
-0.05,-0.37,1.01,-11.94,16.00,-11.76
-0.07,-0.37,1.00,-12.44,13.63,-12.87
-0.05,-0.37,0.97,-15.83,8.11,-12.72
0.00,-0.40,0.95,-19.65,5.31,-13.74
0.03,-0.42,0.97,-22.78,0.63,-14.14
0.07,-0.45,1.00,-26.55,1.21,-11.89
0.06,-0.52,1.02,-27.15,8.50,-10.81
0.04,-0.55,1.06,-23.85,16.61,-11.31
0.01,-0.58,1.08,-20.32,28.31,-13.28
-0.07,-0.58,1.10,-15.45,34.27,-13.80
-0.10,-0.58,1.12,-12.79,32.93,-14.03
-0.13,-0.58,1.14,-11.40,23.51,-13.25
-0.16,-0.59,1.12,-12.75,10.17,-12.76
-0.14,-0.61,1.10,-15.98,-5.79,-11.76
-0.10,-0.64,1.05,-16.44,-14.61,-12.49
-0.11,-0.63,1.04,-16.69,-23.18,-12.73
-0.08,-0.63,0.99,-18.11,-30.70,-13.82
-0.05,-0.58,1.01,-17.31,-36.44,-16.08
-0.04,-0.57,0.96,-18.49,-45.65,-16.50
0.06,-0.61,0.91,-18.70,-49.79,-16.79
0.19,-0.57,0.89,-19.33,-43.01,-22.84
0.17,-0.56,0.84,-17.48,-35.77,-23.42
0.17,-0.56,0.79,-17.34,-18.09,-28.15
0.05,-0.52,0.82,-22.05,-25.19,-22.78
0.02,-0.52,0.87,-24.08,-37.05,-18.12
0.01,-0.48,0.95,-21.48,-44.93,-20.85
0.13,-0.50,1.03,-20.06,-70.02,-18.46
0.20,-0.29,0.91,-9.91,-78.17,-18.12
0.40,-0.25,0.77,-1.60,-36.96,-28.55
0.25,-0.00,0.83,-4.98,-31.27,-17.02
0.37,-0.01,0.73,-5.63,3.48,-6.12
0.36,-0.02,0.74,-5.94,39.25,5.33
0.27,-0.04,0.86,-3.04,66.41,12.96
0.20,-0.07,1.02,4.55,93.71,8.75
0.08,-0.02,1.17,12.89,95.95,0.02
0.03,0.15,1.11,1.28,78.93,-10.47
0.01,0.14,1.20,8.99,38.81,-11.48
0.02,0.20,1.12,2.12,4.60,-10.85
0.08,0.21,1.02,-8.53,-12.49,-10.50
0.11,0.18,0.95,-18.24,-10.49,-8.32
0.06,0.12,0.98,-25.63,-1.79,-3.36
-0.02,0.02,1.05,-28.78,8.69,1.95
-0.09,-0.08,1.12,-27.88,15.51,5.22
-0.13,-0.15,1.17,-24.20,16.17,5.47
-0.13,-0.17,1.19,-20.76,5.24,3.50
-0.09,-0.19,1.15,-19.50,-10.76,0.50
-0.03,-0.20,1.08,-21.16,-25.37,-3.80
0.00,-0.19,1.02,-22.79,-40.72,-6.08
0.03,-0.26,0.96,-26.56,-52.49,-4.90
0.05,-0.30,0.92,-29.39,-51.31,-3.31
0.04,-0.34,0.92,-30.18,-45.40,-0.26
0.01,-0.39,0.92,-29.27,-38.40,1.66
-0.04,-0.46,0.96,-25.73,-32.69,1.42
-0.04,-0.49,0.99,-19.45,-30.03,-2.03
-0.02,-0.52,1.00,-13.13,-32.08,-7.82
0.05,-0.51,0.96,-7.51,-36.55,-14.89
0.09,-0.48,0.91,-3.45,-40.03,-19.50
0.10,-0.44,0.83,0.78,-38.17,-18.89
0.12,-0.39,0.79,-0.75,-30.96,-15.31
0.11,-0.37,0.76,-2.43,-18.47,-10.75
0.05,-0.37,0.77,-5.91,-8.52,-5.62
-0.00,-0.42,0.83,-8.72,-4.12,-3.16
-0.03,-0.48,0.90,-8.99,-7.16,-4.73
-0.00,-0.50,0.91,-7.31,-14.38,-8.00
0.06,-0.51,0.89,-5.22,-16.38,-11.42
0.08,-0.50,0.87,-2.43,-15.04,-14.21
0.11,-0.47,0.84,-0.82,-13.04,-16.56
0.12,-0.46,0.81,-1.89,-8.99,-16.18
0.08,-0.42,0.82,-3.69,-2.43,-18.11
-0.00,-0.43,0.86,-5.95,-3.97,-12.61
-0.04,-0.46,0.92,-6.11,-6.15,-2.40
-0.06,-0.50,0.95,-2.26,-2.00,6.14
-0.07,-0.53,0.99,4.46,2.08,13.15
-0.09,-0.56,1.01,13.77,5.71,16.17
0.01,-0.61,1.01,21.73,8.81,14.05
0.11,-0.63,0.99,28.09,14.03,9.53
0.20,-0.64,0.99,33.07,8.34,10.52
0.28,-0.58,1.02,36.08,5.47,8.50
0.23,-0.51,1.06,37.51,-1.48,10.11
0.19,-0.44,1.08,40.76,-2.27,12.67
0.16,-0.35,1.07,44.40,2.89,15.42
0.12,-0.20,1.02,43.60,8.92,20.96
0.11,-0.10,1.00,37.53,10.79,28.05
0.15,-0.04,0.95,26.78,14.40,31.59
0.15,-0.04,1.01,16.49,15.07,30.49
0.15,-0.09,1.13,10.85,8.50,26.44
0.17,-0.13,1.20,12.08,-0.55,21.21
0.19,-0.13,1.24,14.38,-5.82,17.63
0.20,-0.11,1.28,16.95,-8.67,20.17
0.22,-0.07,1.21,21.42,-6.09,24.44
0.24,-0.01,1.13,24.93,3.07,29.79
0.25,0.06,1.06,24.50,12.69,33.62
0.24,0.13,1.00,20.37,16.61,34.93
0.26,0.19,0.92,11.10,16.64,28.87
0.23,0.24,0.92,-1.88,3.11,18.40
0.24,0.25,0.91,-16.35,-19.77,10.17
0.31,0.21,0.93,-29.31,-38.99,2.15
0.38,0.13,0.97,-37.80,-52.99,-5.42
0.44,0.06,1.00,-41.88,-58.61,-10.08
0.50,-0.00,0.98,-40.55,-45.62,-11.21
0.44,-0.06,0.99,-35.57,-22.82,-6.78
0.39,-0.09,1.00,-30.14,-0.14,-1.53
0.33,-0.14,1.00,-25.42,15.44,-2.55
0.31,-0.18,1.01,-22.17,22.05,-12.96
0.23,-0.21,1.06,-21.04,13.36,-25.36
0.21,-0.26,1.05,-21.28,1.04,-35.16
0.13,-0.28,1.05,-22.56,-10.76,-35.36
0.18,-0.35,0.99,-23.22,-8.72,-32.75
0.17,-0.38,0.96,-22.78,3.25,-30.66
0.14,-0.39,0.95,-23.33,18.32,-25.77
0.07,-0.43,0.99,-23.66,30.12,-20.93
-0.01,-0.44,1.01,-22.11,31.02,-16.40
-0.04,-0.49,1.00,-17.79,30.67,-14.15
-0.08,-0.49,0.99,-10.82,26.27,-13.89
-0.09,-0.46,0.95,-9.40,19.97,-14.32
-0.09,-0.41,0.87,-9.27,18.06,-14.08
-0.11,-0.35,0.81,-12.89,19.39,-8.93
-0.12,-0.34,0.77,-18.72,22.05,-0.50
-0.13,-0.37,0.79,-23.82,22.18,4.49
-0.17,-0.41,0.87,-26.78,11.08,9.02
-0.18,-0.46,0.94,-26.61,-8.06,15.01
-0.13,-0.52,0.96,-23.66,-26.98,20.35
0.00,-0.50,0.96,-18.37,-36.43,25.40
0.14,-0.48,0.89,-16.73,-34.08,27.19
0.20,-0.45,0.88,-16.58,-22.89,28.31
0.21,-0.43,0.90,-17.11,-7.42,30.50
0.20,-0.40,0.90,-20.75,11.50,33.15
0.16,-0.41,0.97,-24.98,21.92,33.13
0.11,-0.46,1.03,-25.08,22.82,32.03
0.02,-0.50,1.11,-19.76,20.38,34.67
-0.06,-0.50,1.13,-14.78,15.51,42.82
-0.10,-0.49,1.14,-4.37,5.36,49.01
-0.08,-0.44,1.10,-0.99,-11.69,52.87
0.01,-0.44,1.08,1.88,-26.03,51.42
0.09,-0.41,1.07,4.75,-36.32,50.79
0.14,-0.37,1.01,3.25,-38.05,51.83
0.20,-0.32,0.96,1.60,-27.11,52.63
0.23,-0.31,0.97,-4.35,-15.28,51.76
0.25,-0.31,0.99,-7.85,-7.71,48.87
0.27,-0.34,1.02,-11.19,-3.16,45.91
0.26,-0.37,1.08,-11.30,-2.23,45.54
0.23,-0.39,1.10,-9.45,-3.48,46.56
0.21,-0.40,1.10,-6.09,-4.37,46.70
0.15,-0.39,1.15,0.53,-10.89,45.80
0.10,-0.36,1.09,5.18,-23.98,47.31
0.11,-0.31,1.03,8.66,-34.09,48.11
0.18,-0.24,0.99,7.40,-41.22,48.05
0.31,-0.21,0.98,4.17,-42.17,48.73
0.48,-0.21,0.98,-1.69,-32.87,45.27
0.55,-0.23,1.00,-8.41,-21.56,37.62
0.56,-0.24,1.06,-13.94,-10.08,29.86
0.47,-0.24,1.09,-17.54,3.34,24.34
0.33,-0.26,1.11,-18.87,16.93,19.60
0.17,-0.24,1.14,-18.03,20.18,16.27
-0.02,-0.24,1.15,-16.31,12.50,16.20
-0.13,-0.24,1.17,-12.26,-3.86,21.10
-0.16,-0.24,1.14,-10.63,-24.89,28.20
-0.04,-0.24,1.15,-8.56,-38.38,34.92
0.13,-0.23,1.14,-9.57,-40.81,41.02
0.29,-0.30,1.18,-9.60,-35.45,39.47
0.34,-0.32,1.24,-6.34,-29.60,33.47
0.31,-0.30,1.22,-2.58,-22.61,30.35
