0.45,-0.82,0.37,-17.92,1.65,-1.92
0.46,-0.83,0.40,-17.83,-1.31,-2.75
0.47,-0.82,0.39,-17.92,-3.34,-3.77
0.46,-0.82,0.39,-17.48,-4.40,-3.25
0.48,-0.83,0.38,-16.50,-4.78,-2.52
0.48,-0.80,0.35,-17.68,-2.95,-1.40
0.49,-0.79,0.31,-20.17,-0.23,0.21
0.48,-0.81,0.35,-23.80,2.53,0.32
0.47,-0.84,0.37,-23.63,1.89,1.15
0.48,-0.86,0.40,-22.76,2.21,0.78
0.47,-0.86,0.41,-20.99,2.99,0.11
0.47,-0.84,0.39,-19.57,2.02,0.37
0.50,-0.81,0.36,-20.85,1.91,0.09
0.49,-0.81,0.35,-23.34,3.62,-1.01
0.51,-0.82,0.34,-24.20,4.78,-0.78
0.51,-0.85,0.36,-24.38,7.51,-1.07
0.51,-0.86,0.37,-22.09,9.22,0.24
0.47,-0.83,0.36,-19.18,9.10,3.83
0.46,-0.82,0.36,-19.62,10.60,7.21
0.46,-0.82,0.37,-20.34,12.81,10.12
0.47,-0.85,0.39,-21.05,14.00,11.25
0.53,-0.88,0.39,-20.23,16.66,9.45
0.50,-0.90,0.38,-16.66,13.77,7.42
0.51,-0.88,0.36,-14.00,11.18,6.78
0.52,-0.86,0.44,-26.14,29.15,20.47
0.55,-0.91,0.51,-23.22,32.63,23.97
0.58,-0.94,0.54,-17.89,34.40,24.75
0.61,-0.96,0.56,-11.56,36.44,23.01
0.62,-0.97,0.56,-5.01,37.22,18.12
0.63,-0.95,0.53,-4.92,38.95,14.37
0.62,-0.90,0.52,-6.61,40.72,16.56
0.61,-0.83,0.51,-11.42,49.79,28.61
0.69,-0.85,0.53,-23.68,73.18,40.37
0.76,-0.93,0.63,-35.44,102.14,43.83
0.77,-1.01,0.71,-40.64,126.11,40.92
0.71,-1.07,0.81,-34.99,133.82,32.89
0.66,-1.10,0.79,-22.34,125.62,24.92
0.73,-1.23,0.76,-10.34,112.24,9.65
0.69,-1.31,0.76,6.82,97.82,-8.52
0.52,-1.35,0.76,27.95,87.21,-13.51
0.38,-1.32,0.69,44.60,89.39,-5.56
0.24,-1.23,0.58,49.71,101.76,8.49
0.17,-1.11,0.47,44.20,111.86,25.39
0.17,-1.00,0.38,29.63,117.56,35.39
0.17,-0.95,0.33,11.33,113.42,39.36
0.24,-0.91,0.29,-6.53,104.73,41.24
0.33,-0.95,0.30,-20.82,92.21,35.07
0.32,-1.01,0.27,-34.73,76.11,22.14
0.38,-1.13,0.36,-49.68,69.57,12.64
0.32,-1.31,0.62,-43.04,46.67,0.98
0.38,-1.37,0.61,-33.95,32.99,-4.79
0.30,-1.35,0.73,-15.45,37.39,1.01
0.18,-1.32,0.73,4.03,47.56,12.09
0.15,-1.25,0.73,21.57,54.14,21.33
0.08,-1.15,0.59,33.63,42.82,29.10
0.16,-1.02,0.39,34.11,22.35,31.18
0.21,-0.93,0.25,22.67,-4.73,19.57
0.26,-0.86,0.10,6.41,-23.69,11.22
0.32,-0.82,-0.02,-8.98,-41.77,8.75
0.38,-0.88,0.04,-24.23,-37.97,7.60
0.40,-1.01,0.19,-26.63,-28.84,8.41
0.50,-1.15,0.32,-17.30,-9.04,12.61
0.52,-1.20,0.41,-3.80,18.75,16.34
0.41,-1.24,0.56,16.37,45.34,14.44
0.27,-1.18,0.47,33.80,59.50,9.94
0.21,-1.06,0.37,40.18,55.89,3.27
0.20,-0.94,0.31,42.17,31.02,-11.40
0.19,-0.83,0.20,38.05,2.03,-28.55
0.14,-0.79,0.22,31.15,-19.02,-39.89
0.04,-0.82,0.30,29.22,-29.24,-41.63
-0.07,-0.84,0.36,29.51,-30.06,-35.02
-0.14,-0.90,0.49,32.49,-22.95,-22.14
-0.14,-0.91,0.53,39.16,-13.65,-3.53
-0.03,-0.86,0.52,46.92,-2.29,15.62
0.12,-0.78,0.45,49.10,10.26,28.67
0.22,-0.69,0.37,43.22,18.84,31.71
0.31,-0.59,0.33,31.79,24.61,24.38
0.25,-0.56,0.30,18.90,21.65,10.82
0.09,-0.62,0.36,10.12,13.57,1.37
-0.02,-0.69,0.46,5.91,3.91,-4.21
-0.10,-0.74,0.53,5.05,-7.24,-4.99
-0.08,-0.75,0.57,8.87,-18.27,1.24
0.02,-0.73,0.54,14.17,-23.24,14.27
0.17,-0.68,0.47,14.70,-11.91,32.17
0.27,-0.64,0.43,9.07,9.56,45.85
0.29,-0.66,0.46,0.55,30.15,52.52
0.26,-0.72,0.54,-3.88,42.46,51.44
0.20,-0.83,0.67,0.81,40.52,43.85
0.18,-0.88,0.71,5.68,27.76,28.82
0.15,-0.85,0.72,11.42,10.98,13.63
0.13,-0.79,0.66,19.07,-9.71,4.49
0.18,-0.72,0.60,22.27,-18.05,3.54
0.17,-0.69,0.56,24.26,-15.40,10.34
0.21,-0.66,0.50,21.53,-0.31,22.02
0.23,-0.70,0.52,14.79,21.04,31.83
0.23,-0.77,0.59,8.47,38.21,33.80
0.20,-0.85,0.65,3.25,43.05,28.53
0.21,-0.92,0.72,1.94,32.49,17.66
0.22,-0.94,0.75,6.17,10.72,4.17
0.24,-0.92,0.71,12.37,-14.52,-8.69
0.32,-0.89,0.69,14.73,-25.22,-19.05
0.29,-0.88,0.68,15.39,-26.38,-25.76
0.25,-0.86,0.64,13.44,-20.56,-25.68
0.18,-0.89,0.65,10.41,-11.56,-20.47
0.14,-0.93,0.69,9.37,-2.78,-11.86
0.09,-0.95,0.72,8.41,5.56,-1.80
0.09,-0.96,0.74,8.26,12.43,8.50
0.16,-0.96,0.77,9.07,20.70,15.91
0.22,-0.96,0.80,11.73,27.73,18.61
0.24,-1.00,0.85,17.79,29.54,16.17
0.25,-1.01,0.85,25.22,28.52,11.97
0.20,-1.03,0.86,34.44,25.31,7.74
0.15,-1.00,0.83,42.56,24.27,7.28
0.10,-0.93,0.76,47.10,27.80,11.19
0.09,-0.84,0.72,48.29,36.52,19.02
0.10,-0.75,0.64,42.92,49.31,26.11
0.10,-0.68,0.59,32.72,62.95,31.86
0.06,-0.69,0.61,21.63,69.82,31.89
0.02,-0.75,0.66,15.48,66.06,29.45
-0.04,-0.84,0.70,11.24,51.10,24.49
-0.15,-0.95,0.79,8.72,33.05,20.93
-0.15,-0.99,0.88,9.94,20.98,20.41
-0.09,-0.96,0.91,15.18,13.77,20.43
0.00,-0.89,0.90,20.73,13.07,18.46
0.03,-0.87,0.88,24.81,15.02,11.48
-0.03,-0.90,0.89,27.68,12.79,1.71
-0.12,-0.95,0.88,32.14,3.39,-5.77
-0.17,-0.97,0.85,34.15,-8.11,-8.35
-0.21,-0.95,0.84,36.93,-13.50,-1.80
-0.17,-0.89,0.76,38.56,-9.92,11.56
-0.11,-0.80,0.71,37.88,4.24,28.69
-0.03,-0.76,0.69,35.60,21.13,42.03
0.03,-0.76,0.71,30.24,28.31,40.63
0.04,-0.82,0.76,25.85,22.31,24.98
0.03,-0.90,0.80,24.02,-2.21,-3.07
-0.04,-0.95,0.83,27.98,-39.69,-29.31
-0.07,-0.93,0.79,35.04,-72.08,-41.33
-0.06,-0.87,0.73,38.95,-79.62,-38.61
-0.00,-0.82,0.68,38.44,-62.32,-23.76
-0.01,-0.80,0.70,41.15,-34.55,-1.13
0.06,-0.79,0.67,44.34,-7.19,19.73
0.06,-0.83,0.71,46.34,11.73,32.09
0.12,-0.82,0.71,50.12,12.50,32.40
0.15,-0.82,0.70,49.98,1.53,20.50
0.13,-0.78,0.69,50.38,-17.85,5.05
0.07,-0.74,0.68,49.30,-37.28,-5.95
0.05,-0.69,0.70,44.06,-46.82,-8.76
0.06,-0.66,0.73,43.62,-40.56,0.43
0.08,-0.63,0.73,44.12,-26.75,11.28
0.11,-0.65,0.76,47.22,-10.67,23.33
0.20,-0.62,0.75,52.73,-0.58,25.47
0.16,-0.67,0.75,57.89,-1.25,20.43
0.12,-0.66,0.77,67.97,-7.86,16.44
0.08,-0.64,0.75,75.27,-10.63,17.36
0.08,-0.63,0.77,79.85,-7.33,24.14
0.05,-0.64,0.79,82.09,1.33,33.73
0.11,-0.62,0.76,84.37,7.73,40.41
0.21,-0.57,0.69,87.16,13.91,44.53
0.23,-0.50,0.66,87.04,14.98,43.05
0.17,-0.47,0.69,86.31,17.57,37.11
0.09,-0.46,0.67,79.80,9.37,25.25
-0.06,-0.51,0.73,78.76,-3.71,19.05
-0.15,-0.57,0.81,84.95,-16.52,22.32
-0.10,-0.55,0.76,87.98,-22.40,29.74
-0.01,-0.49,0.69,83.30,-16.93,36.78
0.10,-0.42,0.69,73.63,-7.28,37.89
0.19,-0.38,0.67,70.61,-1.19,31.05
0.18,-0.40,0.72,69.18,-3.97,15.05
0.04,-0.42,0.76,72.37,-13.71,-1.62
-0.14,-0.42,0.79,76.06,-30.73,-10.23
-0.28,-0.40,0.77,78.50,-48.60,-6.12
-0.32,-0.40,0.75,81.21,-57.13,9.30
-0.23,-0.35,0.72,79.53,-50.66,30.32
-0.09,-0.33,0.66,75.08,-32.73,51.54
0.07,-0.34,0.71,68.08,-13.69,62.02
0.20,-0.36,0.78,62.89,-1.82,54.41
0.20,-0.41,0.85,64.38,-5.24,36.73
0.14,-0.42,0.90,72.53,-20.43,17.68
0.11,-0.39,0.90,82.87,-41.92,4.20
0.18,-0.30,0.81,85.83,-53.04,-5.60
0.18,-0.20,0.81,86.12,-47.83,-9.39
0.26,-0.11,0.77,83.16,-30.90,-14.61
0.24,-0.07,0.71,76.06,-15.31,-23.97
0.13,-0.05,0.73,71.56,-8.56,-30.34
-0.00,-0.02,0.70,69.45,-14.70,-30.24
-0.10,0.03,0.65,63.53,-26.00,-20.67
-0.10,0.08,0.61,48.26,-28.64,-7.50
-0.06,0.08,0.65,30.99,-21.37,5.91
-0.01,0.03,0.67,11.77,-3.30,16.38
0.02,-0.05,0.79,-1.01,8.37,19.21
0.05,-0.15,0.93,-3.80,10.72,16.20
0.05,-0.24,0.93,-4.00,-10.27,6.46
0.04,-0.34,1.04,4.92,-35.27,-2.24
-0.01,-0.38,1.10,19.62,-51.48,-2.15
0.02,-0.28,1.05,28.17,-50.11,7.92
0.08,-0.19,1.04,27.51,-31.62,20.73
0.15,-0.15,1.00,28.12,-8.52,32.15
0.22,-0.12,0.96,26.61,8.87,29.15
0.17,-0.15,0.98,26.82,11.63,20.24
0.14,-0.17,0.97,28.95,0.73,10.35
