0.27,-0.27,1.04,-4.20,4.41,-3.19
0.25,-0.25,1.10,-2.44,-1.77,-3.16
0.19,-0.24,1.08,1.10,-4.81,-1.68
0.21,-0.21,1.05,2.40,-7.36,0.14
0.22,-0.19,1.01,1.91,-7.80,3.42
0.27,-0.19,0.97,-0.23,-2.89,4.87
0.29,-0.20,0.96,-3.01,2.47,4.11
0.28,-0.19,0.96,-6.56,3.40,3.16
0.26,-0.21,0.97,-8.79,8.61,1.76
0.20,-0.20,1.00,-9.74,10.35,2.26
0.17,-0.21,1.00,-9.50,9.10,1.98
0.16,-0.21,1.00,-9.33,7.33,0.15
0.15,-0.20,1.02,-9.74,-0.46,0.96
0.18,-0.21,0.98,-11.02,-0.69,3.22
0.21,-0.22,1.01,-12.32,2.12,5.80
0.24,-0.24,1.01,-12.52,6.50,5.56
0.20,-0.25,1.04,-11.47,6.66,5.24
0.19,-0.26,1.07,-9.65,5.01,6.08
0.19,-0.27,1.09,-6.78,-0.47,6.41
0.21,-0.26,1.09,-3.18,-5.95,5.36
0.23,-0.26,1.09,0.40,-10.73,3.40
0.24,-0.24,1.05,3.27,-12.02,0.98
0.24,-0.21,1.02,3.60,-10.24,1.30
0.26,-0.22,1.00,0.05,-1.89,4.46
0.26,-0.24,1.00,0.02,-0.41,4.61
0.24,-0.23,1.03,1.50,-1.36,2.52
0.23,-0.22,1.05,3.13,-7.73,1.92
0.23,-0.22,1.01,4.53,-8.87,0.44
0.23,-0.19,0.98,3.76,-11.60,1.63
0.25,-0.19,0.95,1.54,-10.43,2.82
0.28,-0.20,0.94,-0.55,-4.34,2.34
0.29,-0.21,0.95,-2.81,-0.18,2.02
0.27,-0.22,0.98,-3.73,1.54,0.60
0.25,-0.21,1.01,-3.66,-2.56,0.72
0.26,-0.20,1.01,-3.50,-6.20,1.21
0.29,-0.18,0.99,-4.00,-7.95,1.30
0.33,-0.19,0.97,-5.21,-7.57,1.42
0.37,-0.19,0.97,-6.78,-3.66,0.43
0.39,-0.21,0.98,-7.10,-0.55,-0.78
0.37,-0.22,1.02,-6.53,0.98,-3.22
0.36,-0.23,1.06,-5.44,-5.33,-3.51
0.42,-0.23,1.06,-2.44,-7.94,-3.31
0.40,-0.19,1.10,-0.21,-7.13,1.83
0.45,-0.17,1.07,4.41,1.66,6.92
0.50,-0.15,1.03,8.20,10.63,10.60
0.61,-0.13,0.97,6.35,22.12,12.72
0.72,-0.17,0.91,4.00,43.16,11.62
0.76,-0.23,0.90,-0.55,62.49,2.18
0.71,-0.25,0.97,-0.55,62.08,-11.59
0.60,-0.26,1.05,0.90,49.92,-20.55
0.50,-0.28,1.07,6.53,34.99,-19.73
0.49,-0.25,1.05,10.11,26.92,-18.81
0.44,-0.23,1.03,14.47,15.74,-15.69
0.44,-0.20,0.98,17.76,8.56,-13.04
0.46,-0.17,0.93,18.96,13.53,-9.21
0.42,-0.20,0.93,18.31,18.60,1.13
0.40,-0.22,1.00,16.73,20.96,14.72
0.40,-0.27,1.03,16.34,15.02,23.88
0.43,-0.34,1.01,13.54,8.09,23.02
0.46,-0.38,1.00,11.97,-8.03,18.98
0.49,-0.37,0.99,12.31,-9.74,7.31
0.42,-0.27,0.97,10.43,-29.98,4.18
0.43,-0.23,0.86,9.21,-28.69,2.55
0.33,-0.19,0.83,3.65,-26.72,3.57
0.31,-0.19,0.79,-3.34,-23.57,5.62
0.27,-0.20,0.78,-13.13,-12.32,7.42
0.21,-0.20,0.85,-21.71,-0.53,11.42
0.31,-0.25,0.78,-30.09,35.01,5.54
0.10,-0.27,0.97,-36.40,36.23,10.72
0.09,-0.25,1.03,-35.68,47.34,8.06
-0.01,-0.25,1.13,-33.28,44.34,6.08
0.14,-0.24,1.03,-30.27,40.06,-3.53
0.08,-0.20,0.99,-26.56,37.62,-14.72
0.03,-0.17,0.98,-26.03,29.68,-26.23
-0.08,-0.19,0.99,-28.27,7.22,-26.50
-0.22,-0.20,1.06,-33.92,0.61,-20.78
-0.18,-0.22,1.01,-33.71,-9.18,-8.52
-0.17,-0.21,1.01,-33.69,-3.86,0.18
-0.06,-0.22,1.04,-31.89,12.43,-0.37
0.02,-0.21,1.03,-28.50,18.43,-6.08
0.07,-0.19,0.97,-22.38,24.06,-13.31
0.15,-0.17,0.87,-21.36,29.88,-21.66
0.15,-0.16,0.83,-23.92,31.30,-26.61
0.09,-0.16,0.83,-31.59,28.92,-24.70
0.08,-0.22,0.86,-38.84,34.95,-22.61
-0.02,-0.27,0.99,-45.40,38.67,-22.90
-0.12,-0.32,1.14,-45.10,31.19,-20.55
-0.07,-0.36,1.19,-42.89,20.41,-19.24
0.07,-0.38,1.16,-33.88,14.81,-25.66
0.13,-0.36,1.16,-22.98,-2.35,-27.74
0.26,-0.32,1.07,-9.19,-6.93,-32.58
0.28,-0.32,0.95,-0.49,0.61,-35.89
0.13,-0.29,0.91,-0.38,7.57,-29.98
0.01,-0.28,0.97,-3.08,13.50,-19.40
-0.09,-0.29,1.05,-5.57,11.97,-9.21
-0.10,-0.35,1.15,-8.49,16.00,-9.31
-0.08,-0.34,1.13,-11.11,-0.41,-10.08
0.02,-0.33,1.10,-11.30,-20.98,-16.29
0.11,-0.32,1.08,-12.14,-40.00,-24.90
0.20,-0.30,1.03,-11.53,-55.50,-31.74
0.28,-0.26,0.94,-10.81,-53.10,-37.76
0.24,-0.26,0.87,-14.31,-36.08,-41.19
0.03,-0.28,1.00,-16.72,-24.92,-34.75
-0.06,-0.27,1.07,-17.68,-22.40,-24.50
-0.06,-0.29,1.15,-15.92,-14.73,-17.18
-0.04,-0.30,1.17,-14.23,-22.47,-9.77
0.11,-0.30,1.13,-12.09,-18.17,-11.68
0.31,-0.32,1.04,-12.11,-29.66,-13.28
0.50,-0.35,0.95,-7.91,-24.23,-29.07
0.56,-0.30,0.92,-4.81,-27.91,-41.98
0.53,-0.29,0.88,-5.45,-6.85,-60.02
0.34,-0.26,0.96,-10.95,-9.22,-65.08
0.25,-0.26,0.98,-15.01,-10.55,-64.43
0.28,-0.24,1.00,-21.44,-10.18,-60.37
0.33,-0.27,1.02,-23.37,-0.64,-60.95
0.37,-0.30,1.01,-23.91,-1.34,-62.34
0.47,-0.34,1.03,-21.22,-2.89,-65.15
0.60,-0.38,0.98,-15.24,-5.57,-70.78
0.70,-0.38,0.90,-10.32,-4.46,-77.65
0.74,-0.38,0.81,-7.88,1.16,-85.69
0.69,-0.36,0.77,-11.45,11.48,-98.79
0.50,-0.34,0.83,-18.47,12.47,-108.15
0.38,-0.31,0.91,-27.04,7.10,-112.09
0.32,-0.28,0.94,-34.85,-4.79,-112.92
0.33,-0.26,0.95,-40.99,-10.18,-112.37
0.34,-0.28,0.94,-43.34,-10.64,-109.71
0.37,-0.32,0.95,-44.20,-1.65,-104.53
0.34,-0.36,0.97,-45.33,11.42,-102.61
0.29,-0.42,1.05,-44.93,17.98,-104.70
0.21,-0.45,1.14,-42.23,20.06,-109.28
0.13,-0.41,1.19,-38.02,6.76,-110.78
0.14,-0.36,1.23,-32.92,3.04,-110.29
0.15,-0.28,1.16,-26.55,-0.06,-109.28
0.15,-0.25,1.08,-21.18,-3.16,-103.66
0.20,-0.30,0.96,-17.69,-2.70,-95.47
0.19,-0.35,0.91,-18.23,12.58,-89.85
-0.04,-0.39,1.06,-16.43,25.51,-78.58
-0.15,-0.42,1.21,-12.52,18.31,-55.24
-0.03,-0.42,1.23,-6.93,28.96,-46.84
0.03,-0.34,1.21,-2.15,27.08,-48.53
0.08,-0.30,1.17,-2.64,24.67,-52.05
0.09,-0.26,1.12,-5.98,10.38,-53.45
0.19,-0.27,1.03,-10.02,-0.02,-54.17
0.26,-0.33,0.93,-15.89,-5.89,-55.19
0.33,-0.39,0.88,-22.21,-5.80,-56.61
0.36,-0.45,0.86,-29.07,-0.26,-62.21
0.29,-0.44,0.96,-34.34,1.63,-66.09
0.26,-0.40,1.05,-36.93,-1.86,-63.89
0.32,-0.35,1.06,-36.05,-2.20,-62.47
0.40,-0.34,1.09,-31.83,2.43,-64.85
0.43,-0.34,1.11,-25.11,2.50,-67.13
0.43,-0.39,1.05,-18.06,3.04,-71.10
0.39,-0.45,1.06,-10.95,1.36,-72.58
0.34,-0.47,1.05,-4.85,3.31,-75.63
0.21,-0.43,1.07,-1.57,4.00,-73.50
0.18,-0.38,1.10,-0.49,9.77,-67.74
0.21,-0.31,1.07,-1.19,11.45,-64.34
0.22,-0.26,1.07,-3.47,10.37,-63.15
0.19,-0.24,1.08,-5.76,3.97,-62.44
0.19,-0.25,1.06,-6.69,-5.40,-61.71
0.22,-0.27,1.03,-4.99,-12.98,-60.98
0.27,-0.28,0.98,0.34,-8.17,-63.02
0.24,-0.26,0.94,8.60,0.89,-59.45
0.27,-0.17,0.86,14.84,12.03,-48.69
0.30,-0.09,0.80,14.47,31.66,-41.50
0.32,-0.07,0.76,8.66,43.28,-38.85
0.30,-0.08,0.75,-4.06,41.16,-35.66
0.29,-0.15,0.75,-18.98,33.36,-33.82
0.28,-0.21,0.79,-33.27,24.53,-32.20
0.31,-0.24,0.84,-44.18,18.02,-33.54
0.37,-0.27,0.91,-49.08,13.37,-33.63
0.41,-0.28,0.99,-46.43,22.26,-36.98
0.43,-0.25,1.08,-38.35,31.95,-34.29
0.47,-0.27,1.11,-24.90,46.43,-33.45
0.50,-0.32,1.10,-10.49,66.69,-41.68
0.49,-0.32,0.97,2.78,81.86,-55.39
0.32,-0.30,0.98,10.55,86.11,-62.52
0.25,-0.30,0.86,9.39,78.63,-68.41
0.09,-0.27,0.78,-2.37,68.47,-71.51
-0.01,-0.23,0.83,-20.12,48.32,-68.84
0.03,-0.22,0.92,-45.24,12.09,-61.45
0.15,-0.28,0.94,-63.37,-10.78,-60.09
0.27,-0.40,1.00,-70.29,-12.73,-57.92
0.22,-0.49,1.12,-64.75,-2.99,-51.42
0.16,-0.56,1.22,-44.72,3.95,-40.55
0.24,-0.51,1.21,-19.76,17.94,-34.60
0.25,-0.39,1.16,1.24,35.77,-35.10
0.21,-0.25,1.05,18.35,44.38,-37.45
0.19,-0.13,0.94,22.52,40.29,-38.46
0.10,-0.09,0.84,13.98,36.76,-38.75
0.08,-0.13,0.78,-3.48,26.61,-32.96
0.08,-0.18,0.81,-20.20,13.18,-30.08
0.12,-0.22,0.84,-33.89,-1.86,-31.51
0.15,-0.27,0.88,-40.66,-8.92,-34.38
0.16,-0.27,0.96,-40.66,-4.70,-32.58
0.18,-0.25,1.00,-35.07,-0.73,-25.24
0.23,-0.26,1.02,-26.44,0.55,-16.63
0.29,-0.27,1.02,-17.48,13.40,-16.90
0.24,-0.31,0.98,-12.70,13.85,-18.69
0.19,-0.39,0.93,-12.99,11.73,-21.39
