0.13,-0.24,1.02,-8.58,-1.68,3.91
0.14,-0.25,1.03,-8.72,-1.89,3.47
0.11,-0.23,1.04,-7.48,-4.12,4.18
0.12,-0.23,1.02,-7.16,-3.77,4.02
0.12,-0.22,1.03,-7.24,-2.63,3.92
0.13,-0.21,1.00,-8.60,-2.41,4.09
0.14,-0.21,1.00,-10.96,-1.08,2.87
0.12,-0.22,1.01,-12.60,0.50,3.05
0.12,-0.25,1.04,-13.13,0.47,2.73
0.12,-0.27,1.08,-12.40,-1.24,2.31
0.10,-0.29,1.09,-9.50,-3.80,2.11
0.09,-0.28,1.09,-5.88,-5.25,2.92
0.10,-0.26,1.08,-3.05,-7.05,3.80
0.11,-0.24,1.04,-1.53,-5.73,4.44
0.11,-0.23,1.02,-2.11,-4.03,4.55
0.12,-0.23,1.01,-4.34,-4.60,5.02
0.12,-0.24,1.02,-5.73,-3.73,5.63
0.12,-0.25,1.03,-5.57,-2.87,5.77
0.12,-0.27,1.05,-4.89,-4.60,6.78
0.13,-0.27,1.06,-2.52,-6.47,5.92
0.13,-0.26,1.08,1.19,-10.03,5.74
0.13,-0.24,1.07,3.50,-11.28,6.00
0.16,-0.22,1.00,3.48,-8.66,6.17
0.16,-0.25,1.02,-5.94,2.79,-0.02
0.15,-0.24,1.03,-5.08,2.67,0.05
0.14,-0.23,1.01,-4.84,2.43,0.50
0.14,-0.21,1.00,-6.75,4.20,-0.15
0.10,-0.22,1.02,-8.55,1.91,0.20
0.10,-0.24,1.04,-9.51,-2.81,1.63
0.12,-0.26,1.04,-8.66,-3.59,2.47
0.14,-0.29,1.06,-6.61,-4.66,3.02
0.15,-0.29,1.08,-3.94,-5.11,2.75
0.16,-0.28,1.10,0.34,-3.98,2.76
0.18,-0.25,1.07,3.94,-1.91,1.73
0.17,-0.22,1.02,4.23,-0.89,-0.27
0.18,-0.20,0.98,1.73,-3.02,-0.52
0.19,-0.20,0.97,-2.15,-3.68,-2.09
0.18,-0.22,0.99,-4.41,-4.70,-3.50
0.19,-0.24,1.01,-6.00,-4.66,-4.27
0.18,-0.26,1.01,-6.09,-2.49,-3.97
0.16,-0.25,1.03,-5.74,1.07,-3.22
0.16,-0.23,1.04,-4.90,2.29,-1.94
0.18,-0.22,1.02,-5.15,4.70,-1.57
0.18,-0.23,1.00,-7.36,5.83,-2.05
0.19,-0.23,1.02,-8.92,4.96,-1.82
0.20,-0.23,1.01,-10.53,3.85,-1.02
0.23,-0.23,1.01,-12.72,2.08,-0.20
0.27,-0.24,1.05,-11.98,0.27,0.37
0.33,-0.25,1.08,-7.68,-0.08,0.03
0.39,-0.22,1.04,-4.06,1.40,-1.77
0.46,-0.18,1.01,-3.47,2.14,-3.73
0.50,-0.15,0.96,-6.44,9.16,-7.89
0.48,-0.15,0.96,-11.69,10.27,-13.22
0.47,-0.15,0.98,-15.74,3.50,-16.85
0.48,-0.18,1.01,-16.08,-0.72,-20.32
0.50,-0.18,1.01,-14.49,-8.34,-20.93
0.57,-0.18,0.98,-14.47,-10.52,-19.31
0.65,-0.20,0.94,-15.57,1.66,-18.69
0.64,-0.21,0.93,-20.20,15.34,-18.70
0.66,-0.25,0.97,-22.29,24.82,-23.02
0.65,-0.26,1.01,-22.96,25.71,-27.92
0.62,-0.29,1.07,-19.02,17.22,-32.03
0.62,-0.34,1.10,-12.66,2.76,-36.09
0.65,-0.35,1.09,-4.67,-15.51,-37.98
0.70,-0.36,1.03,3.56,-21.88,-41.57
0.64,-0.34,0.95,4.92,-27.36,-43.31
0.60,-0.27,0.86,-1.10,-31.76,-39.16
0.58,-0.30,0.84,-8.60,-25.21,-31.34
0.62,-0.32,0.83,-17.36,-16.00,-29.33
0.62,-0.39,0.89,-22.08,-18.95,-32.43
0.67,-0.48,0.96,-22.90,-26.90,-43.91
0.63,-0.48,0.91,-23.30,-41.36,-53.40
0.61,-0.48,0.87,-23.65,-49.15,-57.76
0.60,-0.45,0.83,-27.50,-41.60,-60.47
0.57,-0.41,0.79,-34.32,-23.48,-64.75
0.52,-0.40,0.79,-42.08,-2.29,-68.90
0.39,-0.41,0.83,-47.33,17.69,-70.08
0.32,-0.44,0.85,-49.88,32.17,-69.63
0.19,-0.48,0.94,-49.66,39.69,-69.22
0.12,-0.50,1.00,-52.08,36.99,-65.68
0.13,-0.57,1.08,-48.99,33.73,-66.14
0.06,-0.59,1.11,-45.54,27.44,-65.74
0.02,-0.59,1.15,-39.44,20.58,-67.01
0.02,-0.58,1.15,-32.20,22.75,-71.74
-0.02,-0.50,1.09,-26.32,27.25,-76.02
-0.10,-0.44,1.00,-24.26,35.08,-76.87
-0.14,-0.41,0.91,-27.53,47.83,-74.87
-0.21,-0.41,0.89,-31.88,62.55,-69.07
-0.29,-0.41,0.96,-36.09,69.56,-58.66
-0.31,-0.45,1.05,-38.32,61.83,-51.11
-0.29,-0.48,1.14,-35.22,42.00,-50.15
-0.26,-0.53,1.22,-29.56,16.49,-55.51
-0.21,-0.51,1.24,-24.18,-16.81,-62.89
-0.13,-0.43,1.16,-18.08,-48.21,-68.72
0.02,-0.42,1.09,-15.83,-69.13,-74.08
0.09,-0.32,0.88,-22.76,-78.84,-72.46
0.19,-0.30,0.80,-31.07,-62.47,-68.53
0.17,-0.32,0.81,-37.73,-38.14,-63.94
0.12,-0.35,0.90,-41.73,-17.16,-58.43
0.09,-0.37,1.06,-40.58,-13.08,-52.89
0.19,-0.35,1.09,-43.13,-26.64,-50.09
0.32,-0.37,1.09,-41.98,-41.69,-55.66
0.46,-0.39,1.06,-42.12,-55.21,-64.49
0.59,-0.38,0.97,-41.16,-62.14,-74.34
0.66,-0.38,0.86,-41.27,-54.31,-80.43
0.68,-0.38,0.79,-42.17,-29.08,-80.52
0.60,-0.42,0.81,-41.97,-3.63,-79.22
0.52,-0.45,0.87,-41.45,15.77,-79.25
0.45,-0.42,0.94,-39.30,25.39,-80.79
0.44,-0.37,0.98,-39.82,24.44,-82.18
0.50,-0.39,0.99,-41.33,17.31,-85.69
0.55,-0.41,1.01,-44.56,10.60,-94.73
0.58,-0.47,1.06,-44.79,6.47,-103.92
0.54,-0.51,1.05,-45.80,4.73,-107.31
0.44,-0.54,1.15,-41.13,6.84,-108.93
0.42,-0.50,1.14,-34.35,7.44,-106.73
0.48,-0.39,1.14,-26.34,8.81,-105.76
0.55,-0.31,1.10,-19.01,8.92,-109.22
0.59,-0.30,0.99,-14.87,10.03,-114.52
0.61,-0.30,0.88,-15.44,15.95,-118.47
0.61,-0.35,0.78,-19.83,25.94,-120.47
0.53,-0.40,0.78,-26.50,34.47,-121.08
0.52,-0.40,0.85,-30.43,33.98,-119.60
0.53,-0.34,0.90,-32.38,29.19,-120.67
0.55,-0.22,0.91,-33.97,18.98,-121.44
0.66,-0.07,0.88,-36.37,10.63,-120.92
0.83,-0.05,0.92,-30.34,13.76,-127.04
0.93,-0.09,0.74,-36.49,33.91,-129.15
0.63,-0.28,0.70,-44.38,64.09,-132.06
0.39,-0.45,0.94,-48.89,74.17,-124.40
0.30,-0.53,1.02,-56.12,61.83,-110.21
0.32,-0.60,1.08,-55.63,61.10,-107.66
0.22,-0.59,1.06,-57.31,50.85,-99.97
0.25,-0.52,0.98,-58.29,44.49,-93.77
0.30,-0.45,0.94,-57.40,39.37,-81.97
0.42,-0.49,0.86,-51.07,40.87,-80.44
0.52,-0.51,0.78,-41.25,53.80,-84.70
0.51,-0.54,0.69,-28.99,74.40,-90.52
0.34,-0.52,0.64,-18.06,99.11,-97.34
0.09,-0.40,0.65,-13.82,114.85,-93.69
-0.02,-0.27,0.72,-15.04,118.73,-83.89
-0.18,-0.13,0.71,-27.63,111.07,-69.07
-0.09,-0.04,0.73,-48.23,87.92,-53.48
0.08,-0.15,0.80,-62.23,76.11,-45.13
0.26,-0.34,0.73,-78.11,59.54,-44.08
0.39,-0.54,0.84,-78.70,60.64,-51.45
0.36,-0.67,0.94,-70.73,61.76,-56.55
0.30,-0.74,1.03,-53.08,71.13,-57.04
0.20,-0.73,1.07,-33.05,84.00,-52.24
0.15,-0.61,1.10,-15.08,94.02,-43.65
0.14,-0.49,1.07,-0.73,104.17,-35.94
0.10,-0.37,1.02,8.37,111.05,-27.33
0.10,-0.31,0.92,10.44,110.40,-21.45
0.09,-0.31,0.80,4.56,106.56,-24.90
0.04,-0.33,0.75,-6.52,93.30,-40.66
-0.03,-0.41,0.79,-15.57,69.59,-48.56
-0.15,-0.37,0.75,-24.79,42.89,-52.95
-0.18,-0.34,0.73,-35.57,26.26,-47.71
-0.18,-0.32,0.74,-41.48,27.94,-34.70
-0.19,-0.31,0.73,-47.33,35.30,-16.18
-0.14,-0.39,0.74,-53.21,46.76,3.18
-0.05,-0.47,0.79,-57.27,50.63,14.84
0.08,-0.55,0.89,-54.55,51.07,14.95
0.20,-0.71,0.98,-46.35,52.41,0.69
0.01,-0.60,0.89,-39.54,46.43,-13.83
-0.08,-0.62,0.90,-33.42,47.47,-15.94
-0.22,-0.51,0.99,-29.27,38.43,-5.65
-0.14,-0.47,0.93,-25.68,45.11,2.18
-0.15,-0.44,0.89,-24.44,62.14,13.30
-0.12,-0.51,0.89,-23.18,74.67,22.35
-0.16,-0.53,0.85,-32.63,72.32,26.14
-0.06,-0.73,0.97,-34.90,66.03,20.02
-0.04,-0.80,1.11,-33.51,45.42,6.35
0.01,-0.81,1.08,-30.32,27.50,-10.90
-0.04,-0.73,1.03,-24.03,18.73,-20.21
-0.08,-0.68,0.95,-21.80,14.92,-18.87
-0.06,-0.60,0.93,-16.81,26.82,-10.93
0.01,-0.57,0.88,-13.22,42.98,-2.82
0.00,-0.62,0.88,-8.29,59.89,-1.28
-0.05,-0.64,0.97,-3.74,64.24,-1.77
-0.08,-0.68,1.01,0.11,55.85,-8.03
-0.11,-0.66,1.01,3.28,41.69,-16.24
-0.09,-0.57,0.96,6.24,32.49,-21.74
-0.11,-0.47,0.88,5.91,28.81,-19.80
-0.09,-0.42,0.82,2.52,30.18,-9.83
0.03,-0.48,0.75,-2.69,38.89,-2.02
0.11,-0.62,0.75,-7.59,45.05,-1.83
0.13,-0.75,0.80,-9.65,43.18,-12.27
0.11,-0.83,0.91,-11.37,30.18,-27.53
0.14,-0.77,0.98,-9.02,12.50,-40.43
0.16,-0.70,0.92,-6.79,7.53,-48.84
0.14,-0.62,0.84,-7.60,12.46,-50.37
0.06,-0.57,0.87,-8.63,21.10,-48.34
-0.04,-0.54,0.98,-7.77,21.15,-45.22
-0.11,-0.54,1.02,-4.06,15.02,-44.29
-0.15,-0.53,1.02,-1.22,5.56,-48.56
-0.22,-0.46,0.98,1.15,-5.65,-54.26
-0.25,-0.33,0.94,1.80,-10.21,-52.05
-0.22,-0.27,0.86,2.78,-4.43,-40.72
-0.16,-0.25,0.76,0.61,13.56,-29.60
