0.15,-0.30,1.04,-0.29,-8.64,6.90
0.18,-0.29,1.03,1.60,-8.43,6.11
0.20,-0.27,0.99,2.20,-6.43,5.59
0.21,-0.24,0.97,0.43,-2.90,5.59
0.19,-0.25,0.96,-3.22,-0.02,5.42
0.19,-0.27,0.98,-6.69,0.89,4.76
0.16,-0.29,1.00,-8.49,-1.04,2.81
0.14,-0.32,1.03,-8.23,-4.89,1.59
0.15,-0.32,1.04,-5.53,-9.56,1.42
0.17,-0.31,1.04,-2.35,-10.69,1.71
0.19,-0.28,1.01,-1.10,-8.96,2.14
0.19,-0.25,0.97,-2.32,-5.91,3.16
0.22,-0.25,0.95,-6.02,-2.09,3.65
0.23,-0.26,0.96,-9.15,4.08,3.94
0.21,-0.30,0.99,-11.04,7.74,2.75
0.18,-0.32,1.02,-10.17,6.82,1.68
0.14,-0.33,1.05,-7.65,2.03,0.67
0.13,-0.33,1.06,-3.40,-4.08,0.67
0.14,-0.31,1.04,0.08,-7.07,1.25
0.17,-0.28,1.01,0.90,-4.93,2.34
0.17,-0.24,0.98,-1.15,-0.85,3.74
0.20,-0.25,0.94,-5.50,4.84,4.89
0.19,-0.26,0.96,-10.31,9.05,4.56
0.13,-0.33,1.04,-12.69,8.23,3.16
0.11,-0.32,1.05,-10.32,7.07,3.68
0.10,-0.30,1.04,-8.66,5.01,4.49
0.12,-0.30,1.03,-7.57,2.89,4.63
0.12,-0.30,1.03,-7.91,1.62,5.69
0.14,-0.31,1.03,-8.89,0.79,6.72
0.16,-0.34,1.04,-8.72,0.98,6.58
0.16,-0.35,1.04,-7.27,2.17,5.63
0.14,-0.35,1.07,-4.18,1.73,4.67
0.14,-0.34,1.06,-0.61,-2.50,5.31
0.14,-0.32,1.03,1.89,-4.21,5.82
0.16,-0.29,1.00,3.15,-6.67,7.24
0.19,-0.29,0.97,1.69,-4.23,7.02
0.21,-0.30,0.96,0.23,-0.95,6.31
0.21,-0.32,0.97,-0.40,2.05,4.26
0.19,-0.33,1.00,0.18,-0.27,3.02
0.16,-0.34,1.02,3.30,-4.15,2.02
0.15,-0.31,1.01,7.36,-9.40,2.31
0.15,-0.27,0.98,9.34,-13.63,2.99
0.17,-0.24,0.92,7.80,-15.51,3.86
0.21,-0.22,0.89,2.08,-15.97,3.76
0.30,-0.26,0.87,-2.53,-11.05,3.40
0.36,-0.29,0.88,-5.16,1.31,0.90
0.31,-0.30,0.90,-7.01,9.13,-2.08
0.22,-0.30,0.97,-10.81,18.69,-7.73
0.16,-0.30,1.02,-11.44,15.74,-7.36
0.15,-0.31,1.07,-7.62,8.82,-3.54
0.20,-0.30,1.08,-3.10,0.93,-1.24
0.28,-0.28,1.05,-0.09,-5.37,-1.45
0.31,-0.26,1.02,-0.23,-11.36,-3.48
0.37,-0.25,0.97,-2.60,-12.50,-6.05
0.40,-0.23,0.95,-6.66,-9.83,-6.84
0.43,-0.24,0.98,-11.30,-4.18,-4.40
0.45,-0.28,1.03,-12.27,0.26,-0.64
0.52,-0.30,1.09,-8.79,0.52,-0.58
0.56,-0.31,1.12,-4.06,-2.35,-3.51
0.61,-0.30,1.11,1.74,-6.44,-8.44
0.66,-0.30,1.07,5.56,-11.25,-10.53
0.66,-0.31,1.04,7.73,-10.09,-11.94
0.65,-0.32,1.06,11.89,-12.98,-8.85
0.70,-0.35,1.04,15.42,-17.25,-7.10
0.70,-0.39,0.98,17.22,-14.49,-7.62
0.67,-0.39,0.92,17.66,-9.66,-8.93
0.58,-0.37,0.91,17.71,-8.56,-6.34
0.57,-0.34,0.87,16.20,-3.82,-6.67
0.58,-0.32,0.82,12.31,-2.60,-8.31
0.60,-0.31,0.77,4.75,-4.55,-14.49
0.56,-0.36,0.77,-5.33,-11.92,-21.92
0.52,-0.40,0.78,-12.55,-18.79,-26.75
0.50,-0.43,0.78,-20.18,-19.15,-31.42
0.42,-0.47,0.81,-25.80,-10.41,-32.49
0.25,-0.48,0.91,-25.04,-0.60,-27.60
0.12,-0.45,1.01,-18.14,10.96,-20.87
0.10,-0.41,1.03,-10.20,18.92,-17.85
0.11,-0.39,0.99,-4.96,21.44,-19.15
0.12,-0.36,0.95,-1.62,21.71,-21.01
0.07,-0.31,0.90,-2.03,21.25,-21.65
0.02,-0.28,0.87,-5.76,26.61,-22.52
-0.08,-0.26,0.89,-11.21,31.56,-20.47
-0.18,-0.28,0.94,-15.51,35.91,-17.79
-0.25,-0.27,0.99,-17.05,31.50,-17.66
-0.29,-0.27,1.05,-16.05,24.14,-20.43
-0.32,-0.27,1.13,-12.15,9.82,-24.24
-0.27,-0.26,1.09,-7.82,-11.73,-25.27
-0.18,-0.27,1.05,-4.95,-26.27,-27.01
-0.14,-0.28,1.03,-3.11,-37.04,-25.62
-0.11,-0.27,0.99,-4.66,-38.40,-19.80
-0.07,-0.28,1.01,-7.80,-27.42,-11.94
-0.05,-0.29,1.02,-6.34,-16.44,-1.53
-0.00,-0.29,1.03,-4.23,-2.47,2.81
0.03,-0.27,1.07,-1.80,7.21,3.94
0.06,-0.27,1.07,4.26,6.35,3.57
0.12,-0.24,1.02,7.16,4.24,-1.18
0.12,-0.22,0.96,8.99,0.05,-3.91
0.11,-0.22,0.90,4.37,0.31,-9.86
0.04,-0.21,0.91,-3.07,-0.95,-12.63
0.01,-0.24,0.92,-13.76,-3.21,-11.56
-0.02,-0.27,1.02,-20.58,-10.72,-5.51
0.01,-0.26,1.06,-24.24,-23.63,1.04
0.12,-0.27,1.06,-25.57,-32.79,1.95
0.23,-0.27,1.04,-25.74,-38.64,-3.30
0.32,-0.28,1.00,-23.40,-41.95,-10.64
0.39,-0.27,0.95,-20.99,-41.44,-13.71
0.39,-0.28,0.92,-22.02,-30.23,-16.29
0.29,-0.30,0.97,-23.86,-18.64,-16.21
0.23,-0.32,1.03,-26.26,-13.16,-12.17
0.23,-0.34,1.05,-28.40,-12.17,-8.64
0.26,-0.33,1.09,-29.19,-18.55,-6.84
0.39,-0.34,1.06,-30.03,-26.52,-10.29
0.50,-0.34,1.02,-30.31,-31.91,-19.27
0.56,-0.33,0.99,-30.12,-37.42,-27.79
0.57,-0.34,0.98,-30.81,-33.30,-37.62
0.51,-0.34,1.04,-33.76,-31.02,-47.74
0.51,-0.34,1.03,-39.27,-35.08,-56.99
0.53,-0.38,0.97,-45.82,-36.11,-56.32
0.59,-0.40,0.93,-50.78,-24.76,-48.60
0.64,-0.45,0.93,-54.41,-15.73,-44.85
0.72,-0.55,0.91,-50.27,2.00,-54.37
0.68,-0.55,0.99,-38.82,17.34,-70.29
0.60,-0.54,0.98,-30.21,14.58,-83.48
0.49,-0.48,0.97,-23.94,5.85,-91.56
0.44,-0.40,0.92,-22.03,-3.57,-95.53
0.40,-0.32,0.81,-28.24,-5.76,-98.17
0.39,-0.25,0.76,-38.92,-7.68,-96.85
0.46,-0.23,0.74,-51.97,-11.22,-93.97
0.50,-0.24,0.74,-61.01,-12.05,-91.50
0.59,-0.29,0.77,-65.45,-5.97,-89.10
0.65,-0.35,0.79,-64.44,8.72,-92.64
0.62,-0.42,0.85,-58.90,19.97,-98.93
0.57,-0.47,0.92,-52.46,26.52,-104.64
0.47,-0.50,0.97,-46.67,25.19,-106.87
0.41,-0.49,1.01,-41.15,18.37,-107.65
0.37,-0.44,1.00,-36.72,9.47,-106.52
0.39,-0.41,0.95,-32.84,3.63,-107.88
0.38,-0.36,0.88,-30.27,-1.80,-110.24
0.37,-0.34,0.79,-33.13,1.16,-110.31
0.26,-0.36,0.77,-41.01,12.11,-110.41
0.09,-0.40,0.87,-47.40,20.58,-103.65
-0.09,-0.40,1.04,-48.66,23.97,-87.27
-0.06,-0.47,1.10,-43.18,28.21,-70.99
0.04,-0.49,1.13,-34.08,29.11,-60.27
0.11,-0.49,1.11,-23.11,28.27,-59.15
0.12,-0.46,1.08,-13.69,21.25,-62.87
0.10,-0.43,1.04,-6.27,9.05,-65.01
0.08,-0.39,0.94,-4.31,-0.95,-60.64
0.05,-0.36,0.86,-8.55,-0.35,-51.59
0.01,-0.36,0.87,-12.46,4.78,-40.23
-0.00,-0.37,0.93,-13.34,10.75,-27.83
0.05,-0.39,0.95,-11.47,18.55,-17.68
0.11,-0.40,0.95,-8.00,24.17,-13.82
0.15,-0.41,0.97,-4.55,24.78,-15.86
0.15,-0.39,0.99,-1.94,17.92,-18.56
0.14,-0.35,0.97,-2.08,9.76,-15.71
0.13,-0.33,0.98,-5.05,3.86,-7.68
0.14,-0.29,0.98,-7.25,-0.03,1.25
0.19,-0.27,0.99,-10.23,-1.69,10.40
0.28,-0.31,1.00,-11.98,0.81,14.24
0.34,-0.33,1.03,-11.60,-1.68,14.09
0.39,-0.36,1.08,-9.02,-9.85,12.17
0.47,-0.36,1.06,-4.50,-19.74,7.94
0.53,-0.33,1.05,0.72,-29.47,3.42
0.65,-0.26,0.94,1.97,-30.78,2.41
0.75,-0.22,0.84,0.78,-20.93,-1.33
0.76,-0.19,0.81,-2.79,-6.24,-4.58
0.76,-0.22,0.81,-8.46,2.08,-5.60
0.76,-0.26,0.86,-14.69,6.38,-10.29
0.76,-0.31,0.91,-20.95,6.21,-17.25
0.76,-0.38,0.95,-24.12,8.17,-29.60
0.68,-0.41,1.03,-24.29,2.31,-37.25
0.66,-0.34,1.10,-24.12,-4.69,-40.72
0.70,-0.28,1.10,-24.55,-11.42,-39.88
0.75,-0.28,1.05,-23.66,-13.34,-42.61
0.79,-0.32,1.03,-18.92,-8.60,-47.15
0.78,-0.34,0.97,-15.51,-2.95,-48.49
0.78,-0.37,0.91,-10.27,9.02,-53.50
0.71,-0.36,0.91,-5.34,18.49,-59.08
0.61,-0.31,0.89,-3.54,24.72,-60.85
0.57,-0.20,0.82,-6.38,26.73,-58.20
0.60,-0.10,0.78,-13.33,26.26,-53.88
0.65,-0.11,0.75,-19.53,28.79,-56.53
0.70,-0.13,0.72,-24.67,27.22,-60.21
0.75,-0.23,0.71,-28.84,35.76,-70.12
0.61,-0.31,0.76,-31.36,45.82,-80.41
0.37,-0.36,0.92,-33.15,42.98,-80.23
0.29,-0.38,0.98,-32.87,40.23,-74.56
0.25,-0.36,1.00,-31.71,39.85,-69.16
0.20,-0.32,1.01,-29.73,38.66,-62.76
0.25,-0.26,1.00,-26.03,40.18,-56.00
0.31,-0.22,0.99,-22.08,40.18,-53.02
0.35,-0.24,0.96,-17.21,35.05,-54.67
0.40,-0.27,0.85,-14.29,27.62,-56.73
0.44,-0.31,0.67,-13.31,29.54,-59.94
0.39,-0.30,0.58,-16.03,38.09,-60.98
0.29,-0.28,0.54,-21.39,49.97,-60.29
0.19,-0.17,0.61,-29.22,57.47,-51.62
0.24,-0.09,0.69,-38.81,57.56,-40.05
0.36,-0.08,0.73,-48.37,55.24,-35.01
