0.23,-0.19,0.99,-7.79,-1.08,-13.19
0.25,-0.19,0.98,-7.11,-2.46,-10.15
0.26,-0.19,0.95,-6.67,-0.67,-7.19
0.25,-0.19,0.95,-7.34,1.83,-4.32
0.25,-0.20,0.95,-8.67,2.66,-2.56
0.26,-0.20,0.95,-9.80,1.77,-2.09
0.28,-0.21,0.96,-11.65,-0.03,-3.69
0.30,-0.21,0.97,-12.75,-2.95,-6.98
0.30,-0.21,0.98,-12.87,-5.40,-8.78
0.30,-0.22,0.99,-12.23,-7.69,-9.42
0.31,-0.24,0.98,-10.89,-8.43,-8.26
0.32,-0.26,0.97,-8.92,-5.54,-7.62
0.31,-0.26,0.96,-7.59,-1.25,-7.47
0.30,-0.26,0.97,-5.97,1.88,-8.37
0.29,-0.24,0.96,-5.73,5.13,-10.35
0.29,-0.24,0.97,-6.66,7.62,-12.20
0.28,-0.23,0.97,-7.18,8.37,-13.80
0.27,-0.22,0.98,-7.21,8.52,-13.39
0.28,-0.23,0.99,-7.11,8.37,-12.90
0.29,-0.25,0.99,-6.69,8.63,-14.75
0.25,-0.24,1.02,-5.25,6.08,-15.36
0.23,-0.23,1.02,-3.68,3.05,-14.46
0.21,-0.21,0.97,-2.53,3.28,-13.01
0.19,-0.20,0.99,-3.76,2.26,-11.21
0.21,-0.20,1.00,-7.85,2.15,-2.08
0.25,-0.22,1.00,-8.24,0.43,-1.24
0.24,-0.22,1.01,-7.94,-0.81,-0.02
0.24,-0.24,1.01,-6.82,-5.53,1.77
0.26,-0.24,0.99,-5.94,-6.12,1.98
0.25,-0.23,1.00,-5.39,-8.56,2.44
0.27,-0.22,1.00,-5.01,-10.18,2.70
0.29,-0.22,0.98,-5.08,-8.95,1.82
0.33,-0.24,0.99,-4.76,-4.79,-0.56
0.32,-0.25,1.01,-3.27,-0.29,-2.61
0.28,-0.25,1.02,-1.10,-0.29,-1.88
0.30,-0.26,1.00,1.16,0.95,-1.10
0.29,-0.25,1.00,2.72,4.79,-0.92
0.29,-0.22,0.98,2.73,7.18,-1.13
0.28,-0.20,0.98,1.18,6.52,-1.28
0.28,-0.19,0.96,-1.59,4.60,-0.85
0.26,-0.19,0.97,-3.19,0.21,0.43
0.27,-0.18,1.05,1.60,-9.62,1.83
0.34,-0.25,0.94,-3.21,-8.24,4.05
0.31,-0.23,1.01,-2.61,-12.35,4.70
0.32,-0.24,1.03,-2.17,-10.24,3.91
0.34,-0.26,1.01,0.75,-4.08,2.24
0.34,-0.23,1.00,2.55,-1.37,0.43
0.34,-0.23,1.00,5.73,1.86,-1.57
0.32,-0.23,0.99,6.32,-0.87,-1.97
0.25,-0.21,0.92,9.89,-13.92,-0.37
0.42,-0.19,0.94,6.34,-3.45,-2.61
0.34,-0.23,0.96,11.45,7.59,-8.41
0.28,-0.19,0.99,5.91,1.65,-9.68
0.25,-0.24,0.98,9.80,7.65,-9.95
0.26,-0.21,0.97,8.41,6.21,-10.40
0.26,-0.22,0.97,8.26,6.50,-9.48
0.21,-0.20,0.99,14.76,5.57,-8.79
0.23,-0.22,1.05,8.69,7.24,-7.47
0.20,-0.23,1.06,9.77,10.73,-9.01
0.16,-0.23,1.06,9.71,12.67,-8.41
0.13,-0.24,1.09,6.92,14.67,-6.53
0.11,-0.27,1.07,7.57,14.43,-5.68
0.07,-0.28,1.09,6.76,16.08,-6.79
0.01,-0.30,1.12,10.47,16.98,-4.09
-0.02,-0.32,1.12,14.96,17.34,-2.27
-0.06,-0.29,1.13,17.94,22.56,0.93
-0.14,-0.27,1.13,22.40,16.14,9.25
-0.14,-0.28,1.09,26.05,12.06,15.31
-0.15,-0.26,1.06,29.40,11.54,23.37
-0.14,-0.27,1.02,32.21,12.46,29.40
-0.14,-0.21,0.99,32.09,19.83,32.75
-0.20,-0.20,1.02,30.23,17.94,35.65
-0.25,-0.19,1.04,27.83,9.82,40.00
-0.29,-0.16,1.06,25.86,3.25,47.19
-0.26,-0.15,1.07,24.81,-4.14,56.70
-0.22,-0.17,1.04,25.15,-8.12,68.34
-0.06,-0.19,1.01,27.30,7.62,77.11
0.03,-0.21,0.98,30.03,23.65,83.08
0.10,-0.23,0.95,30.56,38.73,83.66
0.12,-0.23,0.96,30.66,46.26,83.48
0.11,-0.20,0.97,27.50,39.11,80.95
0.09,-0.16,0.95,21.42,25.15,77.11
0.04,-0.15,0.97,13.76,4.90,74.87
0.04,-0.13,0.98,2.95,-11.69,77.66
0.08,-0.12,0.95,3.02,-10.56,87.94
0.15,-0.15,0.93,0.27,-3.91,98.56
0.21,-0.18,0.96,-2.05,12.24,105.33
0.28,-0.21,0.95,-4.00,25.97,105.92
0.37,-0.23,0.96,-6.50,36.32,97.76
0.42,-0.25,1.03,-6.31,37.01,79.53
0.34,-0.26,1.08,-2.37,23.95,57.79
0.25,-0.24,1.10,3.31,2.03,44.23
0.21,-0.19,1.03,10.92,-11.34,46.84
0.20,-0.13,0.93,16.11,-2.11,54.99
0.17,-0.10,0.83,17.44,23.42,63.40
0.16,-0.06,0.78,13.30,53.01,68.17
0.12,-0.08,0.83,6.12,74.55,71.11
0.12,-0.09,0.93,-1.77,77.62,66.09
0.07,-0.13,1.04,-8.76,60.87,53.45
0.04,-0.16,1.14,-11.44,31.74,38.89
-0.05,-0.19,1.18,-10.43,-5.13,23.04
-0.12,-0.17,1.18,-5.37,-42.52,17.07
-0.12,-0.14,1.11,0.63,-54.34,25.73
-0.08,-0.13,1.02,7.28,-37.94,41.02
-0.01,-0.13,0.97,13.13,3.59,61.31
0.06,-0.11,0.89,17.33,49.80,77.05
0.05,-0.12,0.90,15.01,86.66,83.68
0.02,-0.14,0.96,8.43,98.73,81.21
-0.00,-0.19,1.06,0.05,82.17,71.27
-0.04,-0.23,1.19,-2.20,49.15,57.24
-0.08,-0.28,1.25,1.59,13.18,46.60
-0.07,-0.28,1.24,6.73,-6.61,37.13
-0.10,-0.23,1.19,18.03,-15.11,40.49
-0.01,-0.18,1.05,29.47,-6.53,52.37
0.03,-0.11,0.92,32.79,17.56,63.30
0.10,-0.05,0.78,25.74,48.18,68.63
0.09,-0.06,0.74,11.83,68.24,72.14
0.05,-0.08,0.80,-13.71,68.26,67.97
0.00,-0.16,0.97,-32.32,55.05,65.28
0.01,-0.27,1.17,-40.14,36.11,58.96
0.04,-0.36,1.34,-35.47,16.64,49.73
0.10,-0.43,1.39,-23.60,0.29,39.54
0.18,-0.31,1.31,-8.09,-6.89,32.61
0.22,-0.21,1.12,3.01,-2.17,35.40
0.28,-0.14,0.94,7.15,25.31,38.99
0.23,-0.08,0.82,3.30,61.22,40.56
0.13,-0.07,0.81,-9.88,84.40,36.44
-0.01,-0.09,0.92,-25.65,88.95,27.10
-0.25,-0.09,1.24,-26.58,67.73,19.85
-0.27,-0.21,1.29,-33.59,28.29,16.38
-0.25,-0.24,1.44,-27.31,-10.69,16.78
-0.16,-0.25,1.40,-16.26,-36.40,19.85
-0.04,-0.23,1.27,-4.79,-37.94,23.18
0.06,-0.19,1.11,0.98,-22.02,25.39
0.08,-0.16,1.01,-3.86,0.66,20.75
0.02,-0.16,0.99,-10.03,19.25,14.41
-0.07,-0.12,1.06,-17.22,29.57,12.67
-0.15,-0.11,1.11,-21.18,36.00,14.67
-0.21,-0.13,1.15,-20.55,31.89,21.16
-0.21,-0.11,1.17,-20.44,20.76,29.45
-0.15,-0.14,1.13,-19.60,11.77,32.61
-0.11,-0.18,1.08,-18.75,7.21,29.76
-0.03,-0.18,1.03,-20.63,15.31,24.37
-0.12,-0.21,1.01,-20.89,21.04,21.04
-0.12,-0.17,1.03,-19.86,33.04,24.38
-0.17,-0.16,1.05,-26.85,39.88,23.42
-0.23,-0.13,1.09,-29.83,28.76,28.38
-0.17,-0.12,1.10,-32.47,19.88,33.11
-0.19,-0.15,1.10,-33.04,8.58,39.24
-0.16,-0.18,1.05,-32.93,3.25,47.85
-0.09,-0.25,1.04,-31.77,11.34,51.40
-0.09,-0.28,1.05,-29.27,14.85,50.82
-0.09,-0.27,1.07,-27.69,19.39,48.50
-0.11,-0.24,1.12,-22.17,16.52,46.52
-0.13,-0.18,1.08,-18.95,11.36,45.59
-0.15,-0.12,1.04,-19.53,4.78,45.77
-0.16,-0.11,1.04,-22.09,1.47,42.98
-0.17,-0.13,0.94,-26.55,-11.91,44.17
-0.18,-0.16,0.93,-31.36,-12.78,44.89
-0.16,-0.20,0.94,-35.73,-13.18,46.53
-0.11,-0.24,0.93,-40.05,-10.38,48.26
-0.06,-0.25,1.01,-39.28,-1.30,47.69
-0.08,-0.21,1.06,-36.60,5.01,44.40
-0.10,-0.19,1.09,-35.44,-1.24,41.79
-0.08,-0.19,1.08,-34.87,-11.89,37.77
-0.08,-0.20,1.03,-33.10,-17.40,34.85
-0.09,-0.20,0.98,-35.13,-21.77,38.85
-0.03,-0.22,0.96,-39.10,-15.86,39.13
-0.10,-0.22,0.98,-39.69,-20.69,38.52
-0.09,-0.26,1.02,-38.29,-20.50,37.24
-0.10,-0.26,1.06,-33.18,-28.93,34.31
-0.03,-0.23,1.01,-32.08,-36.06,28.70
0.02,-0.21,0.96,-33.85,-41.69,23.77
0.05,-0.20,0.92,-40.12,-38.79,21.24
0.09,-0.24,0.93,-46.03,-21.76,19.91
-0.07,-0.28,0.99,-47.19,-14.14,22.00
-0.12,-0.32,1.06,-40.09,-7.94,24.29
-0.19,-0.34,1.11,-27.63,-2.93,25.83
-0.21,-0.34,1.09,-16.81,-12.87,26.44
-0.12,-0.26,0.99,-12.96,-19.28,27.08
-0.01,-0.22,0.90,-20.14,-19.65,23.40
-0.01,-0.22,0.93,-28.29,-17.19,15.37
-0.01,-0.22,0.92,-37.82,-21.62,11.33
-0.06,-0.28,0.98,-42.27,-19.68,7.77
-0.12,-0.32,1.05,-38.03,-14.89,7.27
-0.12,-0.39,1.08,-27.13,-9.77,8.53
-0.10,-0.43,1.08,-12.99,-1.44,8.78
-0.08,-0.36,1.01,-6.38,4.73,5.85
-0.12,-0.28,0.99,-10.58,-1.51,5.05
-0.14,-0.24,0.97,-18.17,-12.96,4.35
-0.19,-0.26,1.01,-25.15,-27.34,3.05
-0.23,-0.28,1.07,-26.85,-43.95,4.92
-0.17,-0.35,1.10,-20.41,-54.41,8.00
-0.11,-0.38,1.08,-7.01,-51.94,8.67
-0.06,-0.40,1.02,5.10,-40.73,7.10
-0.03,-0.37,0.94,11.77,-27.27,4.49
-0.10,-0.31,0.89,10.92,-22.82,1.19
-0.13,-0.28,0.82,3.19,-24.03,5.21
-0.13,-0.29,0.85,-4.64,-26.09,6.53
-0.16,-0.31,0.90,-9.79,-30.11,10.20
